1762 2438 57942936 1011
1557 4481 67217723 3253
1340 6573 79678943 6397
1358 0042 68042945 8318
1874 2795 80420574 5662
1108 6512 19506975 4778
1034 9165 52184549 4241
1180 8446 82971373 8388
1439 9602 65778223 4073
1010 2332 68814931 7726
1590 0962 02687743 2774
1800 8263 26938787 7178
1741 8193 67025868 3468
1572 3052 65134159 8084
1467 0664 92755817 2932
1129 1139 33351036 0434
1208 8721 12695544 8480
1992 6489 86300349 3730
1943 1437 73479457 2265
1452 7791 09787815 2409
